Compounds:
Ammonia: 18.358545 
Glucose: 3.6179314 
Phosphates: 19.546118 
Hydrogensulfide: 73.78137 
Oxygen: 0 
Carbondioxide: 43.346184 
Nitrogen: 50.46037 
Sunlight: 0 
Temperature: 9800 
Iron: 3.4961853 

Current Microbe Info:
Speed: 36.43162 
ATP-Production: 2.4 
ATP-Consumption: 2 
Population: 8409 
