Compounds:
Ammonia: 21.341648 
Glucose: 4.525211 
Phosphates: 23.572922 
Hydrogensulfide: 71.52088 
Oxygen: 0 
Carbondioxide: 45.68832 
Nitrogen: 47.763298 
Sunlight: 0 
Temperature: 9800 
Iron: 3.3707757 

Current Microbe Info:
Speed: 36.43162 
ATP-Production: 2.4 
ATP-Consumption: 2 
Population: 10499 
