Compounds:
Ammonia: 16.865534 
Glucose: 2.8943448 
Phosphates: 19.546118 
Hydrogensulfide: 56.20709 
Oxygen: 0 
Carbondioxide: 38.682503 
Nitrogen: 55.42647 
Sunlight: 0 
Temperature: 9800 
Iron: 3.4961853 

Current Microbe Info:
Speed: 23.39734 
ATP-Production: 9.9 
ATP-Consumption: 6 
Population: 27968 
