Compounds:
Ammonia: 62.54206 
Glucose: 1.1855235 
Phosphates: 19.546118 
Hydrogensulfide: 10.655793 
Oxygen: 0 
Carbondioxide: 34.28148 
Nitrogen: 61.463917 
Sunlight: 0 
Temperature: 9800 
Iron: 3.4961853 

Current Microbe Info:
Speed: 21.607515 
ATP-Production: 14.4 
ATP-Consumption: 14 
Population: 2456 
