Compounds:
Ammonia: 18.644876 
Glucose: 3.2829087 
Phosphates: 20.328913 
Hydrogensulfide: 10.125566 
Oxygen: 0 
Carbondioxide: 29.874914 
Nitrogen: 63.27038 
Sunlight: 0 
Temperature: 9800 
Iron: 3.0275025 

Current Microbe Info:
Speed: 22.45547 
ATP-Production: 145.4 
ATP-Consumption: 54 
Population: 2564 
