Compounds:
Ammonia: 18.241776 
Glucose: 2.548659 
Phosphates: 19.31044 
Hydrogensulfide: 63.790237 
Oxygen: 0 
Carbondioxide: 47.04137 
Nitrogen: 48.611366 
Sunlight: 0 
Temperature: 9800 
Iron: 3.207882 

Current Microbe Info:
Speed: 22.29528 
ATP-Production: 11.9 
ATP-Consumption: 11 
Population: 3614 
