Compounds:
Ammonia: 27.5233 
Glucose: 1.377555 
Phosphates: 20.567091 
Hydrogensulfide: 2.4651814 
Oxygen: 32.61419 
Carbondioxide: 12.947244 
Nitrogen: 54.04966 
Sunlight: 100 
Temperature: 1700 
Iron: 12.42221 

Current Microbe Info:
Speed: 18.519983 
ATP-Production: 28.93 
ATP-Consumption: 20 
Population: 13744 
