Compounds:
Ammonia: 16.884405 
Glucose: 2.8943448 
Phosphates: 19.546118 
Hydrogensulfide: 56.82251 
Oxygen: 0 
Carbondioxide: 39.113064 
Nitrogen: 55.060177 
Sunlight: 0 
Temperature: 9800 
Iron: 3.4961853 

Current Microbe Info:
Speed: 26.096016 
ATP-Production: 4.8 
ATP-Consumption: 4 
Population: 3182 
