Compounds:
Ammonia: 18.596233 
Glucose: 3.1926687 
Phosphates: 18.497164 
Hydrogensulfide: 8.221888 
Oxygen: 0 
Carbondioxide: 31.87562 
Nitrogen: 61.07769 
Sunlight: 0 
Temperature: 9800 
Iron: 3.1848512 

Current Microbe Info:
Speed: 36.43162 
ATP-Production: 2.4 
ATP-Consumption: 2 
Population: 4781 
