Compounds:
Ammonia: 86.169235 
Glucose: 0.053012833 
Phosphates: 18.628933 
Hydrogensulfide: 5.9515877 
Oxygen: 27.06069 
Carbondioxide: 32.344814 
Nitrogen: 40.306644 
Sunlight: 0 
Temperature: 9800 
Iron: 1.6269844 

Current Microbe Info:
Speed: 21.922169 
ATP-Production: 105.49105 
ATP-Consumption: 38.170925 
Population: 442 
